SEM,BROADCAST,-->,12Mbps

0,0,0,0,0,0,0,0,0,0,0,0,0,0,0,0,0,0,0,0,0,0,0,0,0,0,0,0,0,0,0,0,0,0,0,0,0,0,0,0,0,0,0,0,0,0,0,0,0,0,0,0,0,0,0,0,0,0,0,0,0,0,0,0,0,0,0,0,0,0,0,0,0,0,0,0,0,0,0,0,0,0,0,0,0,0,0,0,0,0,0,0,0,0,0,0,0,0,0,0,0,0,0,0,0,0,0,0,0,0,0,0,0,0,0,0,0,0,0,0,0,0,0,0,0,0,0,0,0,0,0,0,0,0,0,0,0,0,0,0,0,0,0,0,0,0,0,0,0,0,0,0,0,0,0,0,0,0,0,0,0,0,0,0,0,0,0,0,0,0,0,0,0,0,0,0,0,0,0,0,0,0,0,0,0,0,0,0,0,0,0,0,0,0,0,0,0,0,0,0,0,0,0,0,0,0,0,0,0,0,0,0,0,0,0,0,0,0,0,0,0,0,0,0,0,0,0,0,0,0,0,0,0,0,0,0,0,0,0,0,0,0,0,0,0,0,0,0,0,0,0,0,0,0,0,0,0,0,0,0,0,0,0,0,0,0,0,0,0,0,0,0,0,0,0,0,0,0,0,0,0,0,0,0,0,0,0,0,0,0,0,0,0,0,0,0,0,0,0,0,0,0,0,0,0,0,0,0,0,0,0,0,0,0,0,0,0,0,0,0,0,0,0,0,0,0,0,0,0,0,0,0,0,0,0,0,0,0,0,0,0,0,0,0,0,0,0,0,0,0,0,0,0,0,0,0,0,0,0,0,0,0,0,0,0,0,0,0,0,0,0,0,0,0,0,0,0,0,0,0,0,0,0,0,0,0,0,0,0,0,0,0,0,0,0,0,0,0,0,0,0,0,0,0,0,0,0,0,0,0,0,0,0,0,0,0,0,0,0,0,0,0,0,0,0,0,0,0,0,0,0,0,0,0,0,0,0,0,0,0,0,0,0,0,0,0,0,0,0,0,0,0,0,0,0,0,0,0,0,0,0,0,0,0,0,0,0,0,0,0,0,0,0,0,0,0,0,0,0,0,0,0,0,0,0,0,0,0,0,0,0,0,0,0,0,0,0,0,0,0,0,0,0,0,0,0,0,0,0,0,0,0,0,0,0,0,0,0,0,0,0,0,0,0,0,0,0,0,0,0,0,0,0,0,0,0,0,0,


COM,BROADCAST,-->,12Mbps
260,305,453,441,316,310,332,316,257,253,416,239,306,271,283,295,279,225,295,239,387,460,239,236,531,352,388,530,258,310,213,230,317,402,406,283,226,321,266,250,279,323,354,230,268,279,437,397,310,267,400,171,319,279,398,355,421,394,326,269,340,276,265,241,357,364,367,536,354,359,296,367,337,272,360,308,308,436,332,278,208,286,312,386,321,359,308,451,401,419,379,340,340,342,272,317,227,260,398,373,218,212,336,326,277,301,230,238,203,244,167,235,226,192,260,204,442,350,359,249,276,377,313,319,316,352,326,355,385,296,234,231,267,258,232,275,209,213,265,299,312,296,284,223,259,292,286,333,319,222,295,239,265,288,360,403,411,217,237,277,209,229,181,294,197,340,354,211,287,263,287,192,263,186,324,412,276,220,191,208,299,266,286,242,274,235,311,268,232,172,213,194,244,367,319,390,344,342,281,262,316,410,304,399,343,271,328,227,274,295,276,308,188,250,358,250,330,191,206,254,217,272,265,260,212,161,246,206,221,239,258,146,154,209,177,273,294,159,210,195,217,239,243,284,243,238,226,186,192,218,357,377,228,372,215,154,207,168,153,198,163,250,164,160,141,158,244,185,215,181,164,231,176,153,132,195,119,136,147,157,169,210,195,120,134,200,142,125,122,117,166,131,135,281,192,115,146,168,177,140,179,200,244,176,357,119,295,112,112,118,195,172,120,235,147,189,201,210,124,195,120,142,155,232,190,209,208,297,308,232,284,148,126,206,266,350,298,323,166,159,241,186,154,167,178,147,119,254,195,153,171,168,308,173,157,142,182,177,135,231,162,250,119,65,80,109,200,133,144,74,142,70,131,171,113,105,185,117,195,206,189,221,211,165,161,145,193,157,299,196,340,162,156,197,288,247,241,255,202,279,208,227,249,164,246,134,152,239,162,206,151,238,298,303,153,174,219,147,210,286,295,321,203,224,184,179,377,259,258,202,207,240,350,263,226,287,292,350,418,328,287,182,260,205,222,268,300,274,270,298,345,363,297,328,325,484,498,305,356,260,277,418,268,294,246,282,252,282,213,247,311,230,210,498,236,318,243,279,236,162,347,212,266,246,360,245,184,227,197,358,296,227,162,210,119,170,242,194,208,224,225,232,189,326,254,261,243,193,215,165,222,161,214,189,180,236,157,195,207,158,247,201,170,215,174,155,219,178,219,202,168,182,180,175,198,189,129,284,268,165,162,129,198,170,186,168,264,257,207,230,205,166,147,187,231,108,123,201,157,109,144,117,153,111,91,162,176,170,225,155,147,145,168,215,169,108,84,282,131,121,166,220,295,139,244,158,214,120,199,125,241,179,129,79,125,272,170,133,177,81,231,233,200,137,116,195,160,283,172,176,176,169,164,161,111,261,200,139,137,139,171,137,110,122,157,275,185,120,132,308,242,102,123,203,117,202,230,239,145,223,223,256,321,158,240,216,215,170,184,206,135,108,193,193,164,236,235,154,195,125,198,321,172,170,303,154,353,62,120,159,210,201,243,291,209,268,246,117,168,167,217,224,346,219,272,262,341,258,179,257,258,230,245,329,128,84,173,124,133,141,174,164,194,301,172,126,156,156,330,292,418,277,142,154,201,239,197,232,133,202,304,290,331,190,202,229,142,152,184,389,210,193,221,136,113,108,263,160,168,173,142,104,120,107,154,130,224,315,193,132,147,108,140,139,137,155,172,76,199,176,222,282,200,188,162,130,78,137,148,120,200,144,197,189,234,161,171,99,259,186,238,212,141,167,162,202,160,147,119,117,104,194,164,199,192,230,194,237,208,193,228,86,199,208,257,192,277,265,152,166,147,156,155,162,209,226,263,226,228,148,135,216,179,209,288,229,263,165,164,304,98,95,97,70,104,154,158,152,127,175,124,114,181,193,210,137,175,163,179,231,124,138,175,236,219,260,252,189,159,166,129,241,99,114,92,47,204,144,108,260,188,157,186,155,202,159,117,105,131,122,127,170,182,110,157,99,177,36,190,258,58,40,88,61,94,163,159,160,136,206,291,124,245,93,185,191,110,124,75,179,132,56,188,142,123,218,170,133,118,147,273,294,308,300,127,76,277,196,264,141,198,168,262,258,241,207,153,184,193,207,229,271,329,267,438,683,274,180,229,212,235,176,158,198,203,209,208,173,185,177,87,151,252,190,187,223,215,220,160,157,222,171,169,200,228,223,281,221,247,225,236,188,246,183,239,192,156,181,259,330,294,250,155,198,215,316,159,132,256,268,


54mbps

COM,BROADCAST

9,0,0,26,14,14,12,7,13,19,15,0,0,1,0,0,3,0,2,0,0,0,12,17,13,15,15,16,16,16,0,0,0,0,0,0,0,0,17,15,17,14,15,23,10,15,15,15,18,13,16,12,0,1,21,0,0,0,0,1,0,0,17,16,14,16,15,17,12,0,0,0,0,2,0,16,11,16,13,15,16,17,0,0,0,1,0,0,0,0,0,16,16,15,18,16,5,16,25,0,0,0,0,0,16,17,14,16,15,0,0,0,0,0,0,14,9,15,16,0,0,0,0,16,16,15,15,0,0,0,0,0,16,15,14,17,0,0,0,0,0,17,15,16,0,0,0,0,0,16,15,15,15,0,0,1,0,0,0,16,16,16,17,17,0,0,0,0,0,16,16,15,17,16,16,0,0,0,0,0,0,16,6,16,17,18,17,1,0,0,0,0,0,0,13,17,17,17,17,16,0,0,0,0,0,0,19,17,18,16,16,1,0,0,0,0,1,1,17,17,16,16,17,0,0,0,0,0,0,0,15,17,16,16,15,15,0,8,0,0,0,14,16,16,16,14,15,16,3,3,0,1,0,15,14,16,14,14,14,0,0,1,0,0,0,17,16,17,17,0,0,0,0,0,17,17,17,17,0,0,0,0,0,17,16,16,16,0,0,0,0,0,17,16,15,19,0,0,0,0,16,17,17,15,0,0,1,0,0,17,18,17,17,17,16,0,0,0,0,0,0,16,13,17,16,15,0,0,0,0,2,0,0,0,0,0,17,16,17,15,18,16,16,16,15,16,16,14,16,16,11,17,11,15,11,16,13,11,10,14,14,42,37,12,17,17,15,16,16,15,17,24,16,17,14,17,17,12,17,16,17,17,16,16,16,17,17,16,15,14,10,17,16,16,0,0,0,0,0,0,0,0,0,0,0,0,0,0,0,0,0,0,15,14,16,11,9,11,16,16,16,15,16,17,16,15,15,16,15,15,16,0,0,1,1,0,1,0,0,0,0,0,0,0,0,0,0,13,16,17,15,15,14,17,17,17,15,17,18,16,16,14,14,16,17,17,16,16,14,1,0,1,0,0,0,0,0,0,1,0,0,1,0,10,0,0,17,19,14,17,16,16,16,16,2,0,0,0,0,0,0,0,0,15,16,15,17,14,16,0,0,0,0,0,0,0,14,16,17,14,17,17,0,1,0,0,0,0,18,16,15,17,16,14,16,0,1,0,0,0,0,0,11,16,17,18,19,15,17,0,0,0,0,0,0,0,15,17,17,17,16,17,15,1,0,0,0,1,0,0,0,0,0,0,0,16,14,16,16,17,16,16,16,16,0,0,1,0,2,0,1,0,0,0,1,0,0,14,16,16,14,16,15,16,15,15,16,17,16,18,16,18,17,0,0,0,1,0,0,0,0,0,0,0,1,1,0,0,0,0,0,0,14,15,12,17,17,16,17,18,15,16,16,17,17,17,16,0,0,0,0,0,0,0,0,0,0,0,0,17,16,16,17,16,16,17,16,14,17,19,16,0,0,0,0,1,0,0,0,0,0,0,16,17,12,17,17,17,17,15,16,2,0,1,0,1,0,0,0,0,0,2,0,0,1,0,0,1,0,0,0,1,0,0,0,0,0,0,0,0,0,0,0,1,0,0,0,0,10,12,15,15,15,16,12,16,15,15,13,11,13,0,0,0,0,0,0,0,0,0,0,0,0,0,14,13,15,14,14,14,16,10,13,7,8,12,13,14,17,14,16,15,0,1,0,0,0,0,0,0,0,0,0,0,17,13,15,15,14,16,16,13,8,15,1,0,0,0,0,0,0,1,0,0,0,18,18,17,16,16,17,16,12,15,17,17,17,0,0,0,0,0,0,0,0,0,0,0,0,0,1,14,17,17,17,17,17,15,17,17,0,0,0,0,0,17,17,16,16,0,0,0,0,0,16,17,16,17,0,0,1,10,0,1,17,17,17,0,0,0,0,0,15,17,17,17,16,0,0,4,0,1,0,0,15,17,16,17,17,0,0,0,0,0,17,17,16,16,16,16,16,0,0,0,0,0,0,0,1,0,0,0,0,0,16,17,15,16,17,17,16,0,0,0,0,0,0,0,0,16,17,17,16,17,0,0,0,0,0,14,16,11,16,14,0,1,0,0,0,1,0,17,17,17,15,16,17,17,15,0,0,0,0,0,0,0,0,0,0,0,0,0,17,5,12,11,12,13,13,15,15,14,14,17,14,17,0,0,0,0,2,0,0,0,0,0,7,0,0,17,Erro,para,enviar,para,o,mestre

SEM,BROADCAST

434,462,446,450,433,542,462,480,702,504,395,452,426,470,416,416,482,552,484,423,402,445,530,451,410,449,440,445,429,520,469,454,460,439,460,433,396,513,411,476,570,658,689,557,671,597,557,660,760,688,699,703,635,712,721,778,754,715,706,713,740,608,507,485,485,508,513,533,564,478,528,571,534,884,677,775,766,535,585,901,473,522,496,585,443,441,467,454,402,474,556,589,524,481,578,637,461,451,531,560,831,1337,1205,582,509,474,663,527,626,586,515,562,488,478,530,455,722,691,503,512,455,489,631,462,554,433,434,445,476,418,396,449,504,454,457,416,483,431,518,435,466,481,436,417,492,425,503,501,460,583,597,757,846,849,708,514,526,525,514,589,557,550,495,499,497,492,451,420,464,443,461,409,499,446,460,479,484,463,484,458,420,498,510,438,497,479,436,441,483,473,445,469,467,458,450,442,512,419,464,425,456,456,438,440,440,431,463,460,437,473,431,430,446,451,427,493,470,453,527,448,454,455,412,484,494,461,471,484,949,872,716,869,839,565,490,509,441,488,429,435,478,451,443,458,415,520,484,450,441,423,439,468,450,499,454,439,461,438,447,427,451,412,453,453,450,496,576,452,491,441,436,792,745,1028,910,821,492,438,545,463,415,447,467,453,492,490,428,440,458,406,642,451,464,462,453,407,446,449,438,428,478,440,406,490,399,462,467,456,412,484,487,461,427,427,449,423,417,423,450,402,429,481,440,431,452,415,460,413,453,395,436,482,483,420,433,449,439,432,472,442,446,434,414,422,426,450,453,438,478,450,433,460,465,427,461,455,414,417,451,494,440,490,479,417,476,460,423,455,447,466,431,421,440,450,504,433,484,499,431,439,446,455,451,450,416,418,419,442,468,495,398,457,463,483,456,463,432,476,432,458,436,421,479,468,480,386,453,472,479,431,442,477,455,433,427,476,438,484,459,467,427,441,382,403,431,453,450,424,440,418,485,452,425,420,461,446,428,434,468,473,492,413,464,433,489,480,468,448,435,464,394,446,444,432,462,485,481,423,461,460,447,434,404,435,416,443,481,451,518,492,484,443,454,533,510,479,484,460,419,450,427,467,446,464,420,436,421,421,417,441,399,477,426,398,475,455,429,421,453,447,477,422,470,439,488,437,404,418,420,449,442,434,456,440,444,483,400,435,462,442,434,446,445,457,446,451,478,432,466,455,412,460,442,464,533,530,420,456,506,418,432,473,501,539,521,493,512,521,463,462,477,463,445,472,424,464,497,485,542,422,471,466,428,429,435,426,396,468,515,455,420,506,398,487,534,913,517,589,558,572,480,605,480,504,625,512,555,509,431,676,553,564,499,604,534,521,500,550,573,473,498,531,557,568,551,575,600,642,603,504,525,650,478,513,515,480,404,533,499,458,440,426,461,437,397,427,515,466,458,434,464,449,461,487,483,526,466,424,429,455,584,481,494,455,459,505,465,492,504,480,431,595,3301,446,490,473,431,434,438,442,458,467,431,467,506,591,550,783,458,458,475,462,501,479,457,419,425,445,447,462,785,499,486,585,587,636,565,475,458,867,793,1495,527,488,484,568,1101,673,594,496,546,594,597,742,689,671,1642,687,864,582,495,508,587,408,772,502,472,629,801,433,565,505,512,468,443,495,530,450,463,433,428,479,473,472,489,515,479,593,644,631,559,540,590,636,610,603,465,685,657,780,575,541,490,547,531,489,492,571,414,407,608,701,510,492,454,484,548,496,487,799,496,766,769,656,617,633,712,414,461,457,535,490,477,425,437,468,484,490,447,466,502,481,707,546,511,419,445,469,397,626,689,492,761,702,643,547,494,455,544,573,538,464,552,440,422,490,493,451,520,574,513,459,615,451,748,477,481,487,586,669,780,612,619,509,574,510,631,705,565,472,438,449,476,514,451,570,655,633,514,592,828,847,589,653,638,625,530,505,535,680,975,734,587,917,452,588,555,580,544,477,541,523,443,478,483,449,457,596,490,528,491,437,422,464,458,434,488,520,551,447,431,451,441,467,465,458,444,463,508,459,517,505,468,436,430,448,478,456,483,457,454,440,475,486,453,441,435,436,441,451,472,418,453,459,475,437,499,577,532,479,518,485,481,518,497,1331,558,481,613,518,882,652,639,503,486,586,561,648,1008,912,694,1001,967,666,716,1235,1168,586,902,822,619,753,733,880,490,556,454,484,595,510,527,515,561,505,490,413,446,472,510,575,495,459,496,434,562,440,508,1303,1322,476,469,451,561,451,859,549,505,506,456,512,
