12Mbps

SEM,BROADCAST

0,0,0,0,0,0,0,0,0,0,0,0,0,0,0,0,0,0,0,0,0,0,0,0,0,0,0,0,0,0,0,0,0,0,0,0,0,0,0,0,0,0,0,0,0,0,0,0,0,0,0,0,0,0,0,0,0,0,0,0,0,0,0,0,0,0,0,0,0,0,0,0,0,0,0,0,0,0,0,0,0,0,0,0,0,0,0,0,0,0,0,0,0,0,0,0,0,0,0,0,0,0,0,0,0,0,0,0,0,0,0,0,0,0,0,0,0,0,0,0,0,0,0,0,2,0,0,0,0,0,0,0,0,0,0,0,0,0,0,0,0,0,0,0,0,0,1,0,0,0,0,0,0,0,0,0,0,0,0,0,0,0,0,0,0,0,1,0,0,0,0,0,0,0,0,0,0,0,0,0,0,0,1,0,0,0,0,0,0,0,0,0,1,1,0,0,0,0,0,0,0,0,1,0,0,0,0,15,0,23,16,26,5,5,0,1,11,88,0,0,0,0,1,0,0,16,0,0,0,22,0,0,2,0,3,8,0,0,0,0,0,0,0,0,0,0,0,0,0,0,0,0,0,0,0,0,0,0,0,0,0,0,0,0,0,0,0,0,0,0,0,0,0,0,0,0,0,0,0,0,0,0,0,0,0,0,0,0,0,0,0,0,0,0,0,0,0,0,0,0,0,0,0,0,0,0,0,0,0,0,0,0,0,0,0,0,0,0,0,0,0,0,0,0,0,0,0,0,0,0,0,0,0,0,0,0,0,0,0,0,0,0,0,0,0,0,0,0,0,0,0,0,0,0,0,0,0,0,0,0,0,0,0,0,0,0,0,0,0,0,0,0,0,0,0,0,0,0,0,0,0,0,0,0,0,0,0,0,0,0,0,0,0,0,0,0,0,0,0,0,0,0,0,0,0,0,0,0,0,0,0,0,0,0,0,0,0,0,0,0,0,0,0,0,0,0,0,0,0,0,0,0,0,0,0,0,0,0,0,0,0,0,0,0,0,0,0,0,0,0,0,0,0,0,0,0,0,0,0,0,0,0,0,0,0,0,0,0,0,0,0,0,0,0,0,0,0,0,0,0,0,0,0,0,0,0,0,0,0,0,0,0,0,0,0,0,0,0,0,0,0,0,0,0,0,0,0,0,0,0,0,0,0,0,0,0,0,0,0,0,0,0,0,0,0,0,0,0,0,0,0,0,0,0,0,0,0,0,0,0,0,0,0,0,0,0,0,0,0,0,0,0,0,0,0,0,0,0,0,0,0,0,0,0,0,0,0,0,0,0,0,0,0,0,0,0,0,0,0,0,0,0,0,0,0,0,0,0,0,0,0,0,0,0,0,0,0,0,0,0,0,0,0,0,0,0,0,0,0,0,0,0,0,0,0,0,0,0,0,0,0,0,0,0,0,0,0,0,0,0,0,0,0,0,0,0,0,0,0,0,0,0,0,0,0,0,0,0,0,0,0,0,0,0,0,0,0,0,0,0,0,0,0,0,0,0,0,0,0,0,0,0,0,0,0,0,0,0,0,0,0,0,0,0,0,0,0,0,0,0,0,0,0,0,0,0,0,0,0,0,0,0,0,0,0,0,0,0,0,0,0,0,0,0,0,0,0,0,0,0,0,0,0,0,0,0,0,0,0,0,0,0,0,0,0,0,0,0,0,0,0,0,0,0,0,0,0,0,0,0,0,0,0,0,0,0,0,0,0,0,0,0,0,0,0,0,0,0,0,0,0,0,0,0,0,0,0,0,0,0,0,0,0,0,0,0,0,0,0,0,0,0,0,0,0,0,0,0,0,0,0,0,0,0,0,0,0,0,0,0,0,0,0,0,0,0,0,0,0,0,0,0,0,0,0,0,0,0,0,0,0,0,0,0,0,0,0,0,0,0,0,0,0,0,0,0,0,0,0,0,0,0,0,0,0,0,0,0,0,0,0,0,0,0,0,0,0,0,0,0,0,0,0,0,0,0,0,0,0,0,0,0,0,0,0,0,0,0,0,0,0,0,0,0,0,0,0,0,0,0,0,0,0,0,0,0,0,0,0,0,0,0,0,0,0,0,0,0,0,0,0,0,0,0,0,0,0,0,0,0,0,0,0,0,0,0,0,0,0,0,0,0,0,0,0,0,0,0,0,0,0,0,0,0,0,0,0,0,0,0,0,0,0,0,0,0,0,0,0,0,0,0,0,0,0,0,0,0,0,0,0,0,0,0,0,0,0,0,0,0,0,0,0,0,0,0,0,0,0,0,

COM,BROADCAST

169,162,92,98,83,166,125,298,190,235,103,142,143,92,61,56,60,53,74,36,67,66,51,83,47,69,91,84,68,69,75,73,76,77,60,91,91,69,104,80,62,92,108,69,105,96,98,97,98,98,108,103,108,119,100,90,112,132,108,120,101,147,115,118,90,97,73,125,102,94,100,88,93,78,86,73,97,107,111,71,97,87,78,75,64,94,97,74,103,79,74,68,89,125,98,73,86,99,103,100,75,90,104,79,130,81,76,99,80,130,86,77,93,69,93,74,93,95,96,84,90,82,90,103,77,77,97,91,105,118,72,94,83,104,101,120,105,107,111,79,94,115,106,84,82,89,138,110,132,110,108,103,98,118,83,125,122,106,129,108,91,106,125,92,130,90,117,95,95,104,139,73,121,96,89,74,76,90,85,94,94,83,91,100,111,98,97,96,80,104,128,120,99,110,94,76,129,73,138,104,104,86,84,76,75,95,95,85,98,96,89,89,90,100,97,107,86,95,114,96,82,125,83,81,77,76,104,94,89,108,93,127,87,79,117,110,95,102,82,94,106,201,97,106,89,69,216,127,116,170,143,224,99,89,124,90,112,118,107,100,107,143,98,138,94,110,99,130,162,94,73,112,79,67,105,130,115,103,110,120,100,112,78,96,93,104,100,135,88,136,113,103,119,158,135,167,114,104,100,107,74,111,90,118,124,117,144,141,100,102,132,88,78,99,136,109,73,106,94,96,91,110,126,92,132,151,137,124,144,89,122,121,96,72,111,86,144,114,132,86,72,106,77,81,191,128,116,71,124,186,154,137,105,94,70,72,78,70,63,60,83,67,73,77,72,99,152,101,89,189,110,138,109,160,111,88,106,124,113,130,106,117,337,153,107,161,140,125,109,101,190,123,126,112,105,120,96,108,104,153,177,113,132,145,165,112,122,117,132,142,145,165,108,115,103,100,117,83,99,77,79,101,93,83,130,288,304,183,144,154,143,62,121,107,132,133,105,173,186,161,172,117,114,110,156,140,146,148,147,114,144,325,228,230,127,113,126,139,143,152,105,89,125,117,127,112,127,125,115,138,107,127,112,120,153,189,111,127,111,214,145,123,120,105,107,119,130,98,257,267,138,130,118,161,124,137,129,138,111,122,150,133,187,108,102,91,116,109,97,113,111,83,107,161,193,189,129,138,129,106,115,104,112,85,172,107,123,75,141,124,142,177,154,95,127,97,96,91,96,94,121,79,103,138,83,113,98,117,107,128,117,149,170,160,124,125,209,140,132,227,251,135,122,119,154,154,159,160,115,192,152,103,157,76,165,101,110,153,152,130,111,114,118,178,119,87,103,104,108,102,134,105,114,86,91,90,79,116,90,127,82,134,104,102,147,111,84,80,80,104,87,185,83,121,103,135,121,103,88,51,110,68,64,163,115,118,54,82,93,116,79,74,67,69,126,48,42,74,126,161,201,162,69,58,54,28,69,31,28,44,85,70,95,76,95,97,83,88,62,82,93,86,88,111,104,106,77,82,101,100,42,86,54,75,77,66,82,190,64,80,89,82,81,54,85,62,68,86,31,70,53,73,142,87,80,92,99,113,62,67,66,35,108,124,113,124,122,124,55,79,48,87,79,91,62,74,89,76,84,83,79,76,71,68,100,57,105,63,77,57,84,72,193,81,93,92,80,60,66,113,70,54,82,57,47,93,100,70,78,110,98,108,90,57,69,64,30,106,90,76,95,90,86,113,107,106,84,113,95,85,78,67,84,84,63,84,63,80,76,71,85,65,85,87,73,80,82,92,105,56,78,114,94,102,93,77,67,102,65,80,54,74,93,89,63,85,100,67,81,50,69,49,70,96,77,84,92,50,70,112,112,168,109,86,93,101,93,70,104,146,66,93,109,43,42,56,44,85,73,75,58,64,48,44,62,52,26,47,59,77,46,105,86,75,72,72,53,67,63,73,72,82,48,70,46,25,52,58,55,48,70,48,51,105,94,167,139,158,154,167,205,168,242,192,221,212,242,179,160,178,157,179,127,121,93,168,102,102,122,150,119,99,126,98,85,133,113,98,125,183,152,124,127,113,64,79,106,77,59,84,86,71,40,55,109,130,131,105,119,127,133,141,138,153,144,158,162,159,165,170,170,159,174,122,113,92,149,148,129,147,149,141,119,93,181,99,99,93,165,187,125,129,110,186,124,124,111,63,81,132,134,108,103,63,63,78,69,68,95,130,116,126,118,151,143,138,104,159,94,88,107,127,106,166,87,152,171,135,133,73,

54Mbps

SEM,BROADCAST

0,0,0,0,0,0,0,0,0,0,0,0,0,0,0,0,0,0,0,0,0,0,0,0,0,0,0,0,0,0,0,0,0,0,0,0,0,0,0,0,0,0,0,0,0,0,0,0,0,0,0,0,0,0,0,0,0,0,0,0,0,0,0,0,0,0,0,0,0,0,0,0,0,0,0,0,0,0,0,0,0,0,0,0,0,0,0,0,0,0,0,0,0,0,0,0,0,0,0,0,0,0,0,0,0,0,0,0,0,0,0,0,0,0,0,0,0,0,0,0,0,0,0,0,0,0,0,0,0,0,0,0,0,0,0,0,0,0,0,0,0,0,0,0,0,0,0,0,0,0,0,0,0,0,0,0,0,0,0,0,0,0,0,0,0,0,0,0,0,0,0,0,0,0,0,0,0,0,0,0,0,0,0,0,0,0,0,0,0,0,0,0,0,0,0,0,0,0,0,0,0,0,0,0,0,0,0,0,0,0,0,0,0,0,0,0,0,0,0,0,0,0,0,0,0,0,0,0,0,0,0,0,0,0,0,0,0,0,0,0,0,0,0,0,0,0,0,0,0,0,0,0,0,0,3,0,1,2,1,2,1,0,1,0,0,0,0,1,1,1,1,0,3,0,1,0,0,1,0,1,0,1,1,0,0,0,0,0,0,1,1,0,0,0,0,0,0,1,0,0,0,2,1,0,0,0,1,0,0,0,0,0,0,0,1,0,1,0,0,0,0,0,0,0,0,0,0,0,0,0,0,0,0,0,0,0,0,0,0,0,0,0,0,0,0,0,0,0,0,0,0,0,0,0,0,0,0,0,0,0,0,0,0,1,0,0,0,0,0,0,2,0,0,0,0,0,0,0,1,0,0,0,0,0,0,0,1,0,3,0,0,0,0,0,1,0,0,0,0,0,0,0,0,0,0,0,0,0,0,0,1,0,0,0,0,0,0,0,0,0,0,0,0,0,0,0,0,0,0,0,0,0,0,0,1,0,0,1,0,0,0,0,0,0,0,0,1,0,0,0,0,0,0,0,0,0,0,0,1,0,0,0,0,0,0,0,0,0,0,0,0,0,0,0,0,0,1,0,0,0,0,0,0,0,0,0,0,0,0,0,0,0,0,0,0,0,0,0,0,0,0,0,0,0,0,0,0,0,0,0,0,0,0,0,0,1,0,0,0,0,1,0,0,0,0,0,0,0,0,0,0,0,0,0,0,0,0,0,1,0,0,1,0,0,0,0,0,0,0,0,0,0,1,0,0,1,0,0,0,0,0,0,0,0,0,0,0,0,0,0,0,0,0,0,0,0,0,0,0,0,0,0,0,0,0,0,0,0,0,0,0,0,0,0,0,0,0,0,0,0,0,0,0,0,0,0,0,0,0,0,0,0,0,0,0,0,0,0,0,0,0,0,0,1,0,0,1,0,0,0,0,0,0,1,0,0,3,0,0,2,0,0,0,0,0,1,1,0,0,0,0,0,0,0,0,0,1,0,0,0,0,0,0,1,0,0,0,0,0,1,0,1,0,0,0,0,0,0,0,0,0,0,0,2,0,0,0,0,0,0,0,1,1,0,0,0,0,1,0,0,0,0,0,0,0,0,0,0,0,0,0,0,0,3,0,0,0,0,0,0,0,1,0,1,0,0,0,0,0,0,0,1,0,0,0,0,0,0,0,0,0,0,0,0,0,0,0,0,1,0,0,0,0,0,0,0,0,1,0,0,1,1,0,0,0,1,0,0,0,0,0,0,0,0,0,0,0,1,0,0,0,0,0,0,0,0,0,0,0,0,0,0,0,0,0,0,0,0,0,0,0,0,0,0,0,0,1,2,0,0,0,0,0,0,0,0,0,0,0,0,0,0,0,1,0,0,0,0,0,0,0,0,0,0,0,0,0,1,0,0,0,0,0,0,0,0,0,1,0,0,0,0,0,0,0,0,0,0,0,0,0,0,1,0,0,0,0,0,0,1,0,0,0,1,2,0,0,0,1,0,0,0,0,1,0,0,0,0,0,0,0,0,0,2,1,0,0,0,0,0,0,1,0,0,0,0,0,1,0,0,0,0,1,0,0,0,0,0,0,0,0,0,0,0,0,0,0,0,0,0,0,0,0,1,0,0,0,0,0,0,0,0,0,0,0,0,1,0,0,0,0,0,1,0,0,0,0,0,0,0,0,1,1,0,0,0,0,0,0,0,1,0,0,0,0,0,0,2,0,0,0,0,0,0,0,0,0,0,0,1,2,0,0,0,0,0,1,0,1,0,

COM,BROADCAST
564,761,292,243,55,58,32,43,44,46,27,35,22,37,72,92,211,117,48,45,72,28,51,52,33,43,49,43,53,49,34,49,39,32,23,25,37,34,28,32,44,54,40,45,43,45,38,23,38,25,42,39,43,43,40,29,46,58,49,51,40,45,54,103,93,244,147,70,165,119,113,71,85,47,75,75,48,92,53,45,91,33,28,41,61,40,36,27,56,39,59,64,61,47,46,26,93,46,72,61,34,45,50,37,53,42,54,53,68,65,71,58,56,42,50,39,31,34,38,44,48,58,49,35,41,34,75,79,33,67,99,97,94,120,45,65,83,54,39,47,68,45,44,71,52,41,75,44,45,68,38,48,50,32,37,57,35,37,40,71,39,77,101,54,43,33,46,42,40,22,37,39,27,43,60,34,37,33,118,32,16,27,45,59,23,39,20,15,24,15,26,38,22,29,22,22,30,57,41,36,36,31,26,25,29,38,46,45,31,110,42,42,25,44,36,26,34,19,25,24,41,98,175,214,188,174,218,395,887,498,301,326,219,112,93,77,24,22,43,34,32,44,80,32,116,64,53,88,110,70,118,45,33,34,23,43,31,49,62,35,25,25,19,33,18,64,80,51,35,20,21,22,28,26,27,26,30,18,14,19,17,26,37,41,98,31,40,79,35,29,35,17,23,21,32,25,47,20,45,31,31,36,23,25,30,64,28,18,35,45,41,46,19,24,27,24,28,56,31,35,18,278,26,121,25,43,34,25,30,62,21,23,20,44,23,32,23,19,17,37,66,49,62,47,40,34,24,35,50,45,50,41,36,29,44,37,46,62,42,23,29,16,16,22,58,26,29,32,46,92,64,57,39,41,37,34,25,35,89,100,47,87,88,83,110,59,138,116,290,164,137,97,151,77,74,127,146,313,114,152,101,81,64,81,124,77,104,88,175,93,103,145,82,149,179,137,265,179,162,179,177,119,82,185,74,104,96,67,237,130,91,103,101,99,53,45,104,70,86,85,63,134,111,108,98,122,77,68,71,78,78,89,84,91,209,176,140,90,100,278,208,172,101,95,103,107,70,145,187,141,216,69,70,124,92,101,126,75,62,104,126,116,147,588,68,242,248,362,80,102,207,81,352,149,75,57,71,61,111,75,54,146,57,76,119,77,93,97,88,92,49,90,73,87,213,96,162,76,102,80,74,109,77,178,198,87,105,174,105,160,110,129,219,169,292,87,62,166,41,32,39,74,65,163,199,155,113,53,59,60,82,57,81,93,61,113,102,181,235,260,186,135,125,293,145,140,200,316,380,137,110,94,84,78,73,189,87,76,77,90,80,99,120,190,179,120,116,212,180,170,149,149,227,92,87,120,196,130,134,92,98,128,71,112,184,219,134,162,96,149,299,147,203,637,181,109,591,64,85,94,1402,522,4392,102,2706,131,571,169,47,40,174,52,41,108,34,88,71,76,84,80,59,50,30,35,46,58,191,74,62,88,147,91,86,78,407,81,49,150,155,122,132,188,513,1281,732,1548,858,623,749,1741,2066,304,77,148,128,135,37,127,74,90,88,80,67,74,80,142,106,121,102,71,81,205,148,104,110,126,82,489,158,118,114,79,1141,498,511,387,594,479,1818,1444,4138,3052,597,99,121,110,83,60,59,90,98,-8013,75,112,96,168,324,49,79,67,108,108,92,89,119,126,188,143,67,41,104,82,69,55,62,63,528,107,118,134,160,106,50,55,40,52,87,188,54,95,143,105,2208,1271,110,96,185,104,66,593,105,138,74,160,45,238,49,44,37,122,61,14,95,596,49,50,41,51,63,61,51,44,63,186,72,65,36,42,51,46,36,43,221,57,42,49,79,37,107,97,61,78,61,69,717,231,95,75,63,115,64,61,57,77,77,91,68,59,71,63,68,68,78,84,87,85,80,82,98,166,133,131,117,112,153,144,207,131,126,163,152,49,70,56,56,48,66,66,71,59,57,57,47,59,72,87,75,84,67,142,93,93,123,88,75,91,88,113,128,123,202,135,156,63,114,80,81,85,43,182,73,94,59,100,53,88,105,76,58,85,162,128,78,167,62,75,95,74,91,72,86,67,68,148,86,75,87,61,90,78,71,74,49,62,74,85,77,99,61,92,58,108,99,126,114,95,96,120,76,102,146,90,62,131,103,71,81,112,79,82,62,69,75,98,92,65,76,101,126,99,156,114,74,75,76,82,76,193,104,125,69,76,66,80,150,290,217,182,70,233,79,90,99,66,61,62,58,55,62,53,90,63,51,53,43,65,53,68,93,52,
